<?xml version="1.0"?>
<opencv_storage>
<K type_id="opencv-matrix">
  <rows>3</rows>
  <cols>3</cols>
  <dt>d</dt>
  <data>
    1.0126067987711621e+03 0. 9.6490413602377373e+02 0.
    1.0123787003760702e+03 5.4262546312468749e+02 0. 0. 1.</data></K>
<D type_id="opencv-matrix">
  <rows>1</rows>
  <cols>5</cols>
  <dt>d</dt>
  <data>
    -1.6358524899569485e-01 6.0356270116538040e-02
    -1.4733144181321156e-03 -1.3932775174769973e-03
    -1.7982487742897475e-02</data></D>
</opencv_storage>
