<?xml version="1.0"?>
<opencv_storage>
<K type_id="opencv-matrix">
  <rows>3</rows>
  <cols>3</cols>
  <dt>d</dt>
  <data>
    1.1223665196786644e+04 0. 8.7794164750436994e+02 0.
    1.1218580909998458e+04 5.2853969644465792e+02 0. 0. 1.</data></K>
<D type_id="opencv-matrix">
  <rows>1</rows>
  <cols>5</cols>
  <dt>d</dt>
  <data>
    -1.5297755848832310e+01 2.9324245247811888e+02
    -6.1110534092577197e-02 2.2805134513270438e-02
    -4.0833305712629885e+03</data></D>
</opencv_storage>
